image_width: 1920
image_height: 1080
camera_name: unzano
camera_matrix:
  rows: 3
  cols: 3
  data: [1960.150931544038, 0, 743.9192953526707, 0, 1905.239438308892, 649.3309604664918, 0, 0, 1]
distortion_model: plumb_bob
distortion_coefficients:
  rows: 1
  cols: 5
  data: [0.2655562346783172, -0.1957953122081395, 0.01902227811167096, -0.05096443623871737, 0]
rectification_matrix:
  rows: 3
  cols: 3
  data: [1, 0, 0, 0, 1, 0, 0, 0, 1]
projection_matrix:
  rows: 3
  cols: 4
  data: [2018.165161132812, 0, 693.2287626982907, 0, 0, 2042.692138671875, 657.4490521855842, 0, 0, 0, 1, 0]
