D = [0.2655562346783172, -0.19579531220813948, 0.019022278111670957, -0.050964436238717374, 0.0]
K = [1960.1509315440378, 0.0, 743.9192953526707, 0.0, 1905.2394383088922, 649.3309604664918, 0.0, 0.0, 1.0]
R = [1.0, 0.0, 0.0, 0.0, 1.0, 0.0, 0.0, 0.0, 1.0]
P = [2018.1651611328125, 0.0, 693.2287626982907, 0.0, 0.0, 2042.692138671875, 657.4490521855842, 0.0, 0.0, 0.0, 1.0, 0.0]
# oST version 5.0 parameters


[image]

width
1920

height
1080

[narrow_stereo]

camera matrix
1960.150932 0.000000 743.919295
0.000000 1905.239438 649.330960
0.000000 0.000000 1.000000

distortion
0.265556 -0.195795 0.019022 -0.050964 0.000000

rectification
1.000000 0.000000 0.000000
0.000000 1.000000 0.000000
0.000000 0.000000 1.000000

projection
2018.165161 0.000000 693.228763 0.000000
0.000000 2042.692139 657.449052 0.000000
0.000000 0.000000 1.000000 0.000000
