image: 2-6-map.pgm
resolution: 0.100000
origin: [-8.200000, -5.700000, -nan]
negate: 0
occupied_thresh: 0.65
free_thresh: 0.196

